/**:
  ros__parameters:
    cam_model: Pinhole
    cam_width: 1280
    cam_height: 1024
    scale: 0.5
    cam_fx: 1311.89517127580
    cam_fy: 1311.36488586115
    cam_cx: 656.523841857393
    cam_cy: 504.136322840350
    cam_d0: -0.0780830982640722
    cam_d1: 0.146382433670493
    cam_d2: -0.00110111633050301
    cam_d3: -0.00110752991013068